0.527454 0.887901
0.692691 0.728889
1.022066 0.534198
0.895131 0.355062
0.675503 0.957654
0.823725 0.890494
1.478074 0.727284
2.899824 0.521975
0.680956 0.879259
0.845191 0.734568
1.049017 0.521481
1.206355 0.354568
1.084446 0.816049
1.058824 0.609012
1.089724 0.410370
1.093545 0.288395
1.356152 0.921728
1.787329 0.809259
2.729988 0.615185
3.448810 0.410247
1.445908 1.000000
2.025452 1.000000
4.345312 1.000000
9.919511 1.000000
0.080157 1.000000
0.145087 1.000000
0.344670 1.000000
0.927949 1.000000
0.060308 1.000000
0.084524 1.000000
0.165775 1.000000
0.410065 1.000000
0.070348 1.000000
0.112355 1.000000
0.239357 1.000000
0.621139 1.000000
