0.750774 0.870000
0.803287 0.660000
0.956447 0.410000
1.113528 0.180000
0.874978 0.940000
1.015121 0.860000
1.749187 0.680000
1.927534 0.430000
0.749444 0.910000
0.881972 0.720000
0.999607 0.370000
1.171104 0.140000
0.352972 0.780000
0.352173 0.490000
0.355235 0.330000
0.353293 0.060000
0.382923 0.910000
0.436888 0.860000
0.534392 0.590000
0.647932 0.270000
0.398762 1.000000
0.494843 1.000000
0.809974 1.000000
1.314075 1.000000
0.238861 1.000000
0.245046 1.000000
0.263387 1.000000
0.322997 1.000000
0.238662 1.000000
0.250987 1.000000
0.282520 1.000000
0.348246 1.000000
0.249432 1.000000
0.267440 1.000000
0.321436 1.000000
0.522165 1.000000
